249
174
297
219
327
257
350
296
362
345
367
388
334
449
283
468
208
425
198
377
220
317
252
265
281
227
310
196
391
136
448
112
132
365
133
341
133
288
134
251
139
216
147
183
162
152
199
198
224
236
255
272
305
318
350
324
350
283
347
238
342
186
339
143
241
169
241
184
245
229
253
287
262
331
275
378
291
413
325
378
335
344
343
303
317
273
277
262
304
229
325
202
344
167
357
141
214
136
214
179
214
209
217
242
222
290
225
344
261
366
308
342
321
305
290
270
257
250
233
228
252
203
273
184
296
163
319
144
